0.0 0.24616196426709597 0.6255645336975086 0.20802576969996148 0.16934404731670438
0.0 0.46920219874170477 0.5989266225980263 0.22214939954592072 0.17136254255412853
0.0 0.5707618306844042 0.4472673280944043 0.2114934510135199 0.16472039567805874
0.0 0.6766307491965289 0.5735675105692295 0.1858941689136845 0.15454660022346495
0.0 0.8543555743837756 0.5541202220482534 0.15956374162689724 0.15264501250488438
0.0 0.7873732415550567 0.6894090981481471 0.15846618841480842 0.13899221476933166
0.0 0.9337142862989334 0.6713922098974645 0.13257142740213335 0.13667147283283754
0.0 0.9283349260707208 0.8048864556638717 0.14333014785855835 0.14455852443146988
0.0 0.17823296938401725 0.915169472641687 0.24725718276130607 0.16966105471662596
0.0 0.14399700593851744 0.7763578710445826 0.23980396648595267 0.17388566583588416
