0.0 0.7624289840459824 0.5887784361839294 0.19779828190803528 0.1420454978942871
0.0 0.5385298430919647 0.5939867496490479 0.21200281381607056 0.1420454978942871
0.0 0.4254261404275894 0.45762307941913605 0.20170453190803528 0.13683709502220154
0.0 0.3302556872367859 0.5982481241226196 0.17649149894714355 0.13020837306976318
0.0 0.15198862552642822 0.6041666865348816 0.1498579978942871 0.13210225105285645
0.0 0.22940343618392944 0.7291666865348816 0.1498579978942871 0.11837124824523926
0.0 0.07279831171035767 0.7334280014038086 0.14346587657928467 0.11695075035095215
0.0 0.08291906118392944 0.8662405014038086 0.1658381223678589 0.12168562412261963
0.0 0.85387072712183 0.8764204382896423 0.2361505776643753 0.1557765007019043
0.0 0.8760653473436832 0.7241950631141663 0.22975850850343704 0.1420454978942871
