0.0 0.2786031224594213 0.7077853607035639 0.22279112739354498 0.2267980872462323
0.0 0.4891581027628672 0.6061307449193312 0.23606065904111145 0.23355589840805702
0.0 0.5583246339905434 0.4249339607755887 0.22504643358610854 0.2237909225490714
0.0 0.6848631883108083 0.5110251138105462 0.1997191158727022 0.20560342063278297
0.0 0.8529798484764922 0.4317434735942079 0.17534556043980154 0.19470173813717195
0.0 0.8141119937475402 0.5853455874564322 0.17167101258363981 0.18187456597210877
0.0 0.9394446722529592 0.5148214609214137 0.12111065549408151 0.1775065170328327
0.0 0.9469466628117704 0.6437066503492568 0.10610667437645904 0.19257332606611188
0.0 0.27015620267120527 0.9455306727604504 0.26229346637936035 0.108938654479099
0.0 0.2086855546381167 0.8836746325105008 0.25264760144118154 0.23265073497899835
